000000000011000000000000000000000000000000000000000000000000000000000000000000000000
000000000011100000000000000000000000000000000000000000000000000000000000000000000000
000000000001110000000000000000000000000000000000000000000000000000000000000000000000
000000000000111000000000000000000000000000000000000000000000000000000000000000000000
000000000000011100000000000000000000000000000000000000000000000000000000000000000000
000000000000001110000000000000000000000000000000000000000000000000000000000000000000
000000000000000111000000000000000000000000000000000000000000000000000000000000000000
000000000000000011100000000000000000000000000000000000000000000000000000000000000000
000000000000000001110000000000000000000000000000000000000000000000000000000000000000
000000000000000000111000000000000000000000000000000000000000000000000000000000000000
000000000000000000011100000000000000000000000000000000000000000000000000000000000000
000000000000000000001110000000000000000000000000000000000000000000000000000000000000
000000000000000000000111000000000000000000000000000000000000000000000000000000000000
000000000000000000000011100000000000000000000000000000000000000000000000000000000000
000000000000000000000001110000000000000000000000000000000000000000000000000000000000
000000000000000000000000111000000000000000000000000000000000000000000000000000000000
000000000000000000000000011100000000000000000000000000000000000000000000000000000000
000000000000000000000000001110000000000000000000000000000000000000000000000000000000
000000000000000000000000000111000000000000000000000000000000000000000000000000000000
000000000000000000000000000011100000000000000000000000000000000000000000000000000000
000000000000000000000000000001110000000000000000000000000000000000000000000000000000
000000000000000000000000000000111000000000000000000000000000000000000000000000000000
000000000000000000000000000000011100000000000000000000000000000000000000000000000000
000000000000000000000000000000001110000000000000000000000000000000000000000000000000
000000000000000000000000000000000111000000000000000000000000000000000000000000000000
000000000000000000000000000000000011100000000000000000000000000000000000000000000000
000000000000000000000000000000000001110000000000000000000000000000000000000000000000
000000000000000000000000000000000000111000000000000000000000000000000000000000000000
000000000000000000000000000000000000011100000000000000000000000000000000000000000000
000000000000000000000000000000000000001110000000000000000000000000000000000000000000
000000000000000000000000000000000000000111000000000000000000000000000000000000000000
000000000000000000000000000000000000000011100000000000000000000000000000000000000000
000000000000000000000000000000000000000001110000000000000000000000000000000000000000
000000000000000000000000000000000000000000111000000000000000000000000000000000000000
000000000000000000000000000000000000000000011100000000000000000000000000000000000000
000000000000000000000000000000000000000000001110000000000000000000000000000000000000
000000000000000000000000000000000000000000000111000000000000000000000000000000000000
000000000000000000000000000000000000000000000011100000000000000000000000000000000000
000000000000000000000000000000000000000000000001110000000000000000000000000000000000
000000000000000000000000000000000000000000000000111000000000000000000000000000000000
000000000000000000000000000000000000000000000000011100000000000000000000000000000000
000000000000000000000000000000000000000000000000001100000000000000000000000000000000
110000000000000000000000000000000000000000000000000000000000000000000000000000000000
111000000000000000000000000000000000000000000000000000000000000000000000000000000000
011100000000000000000000000000000000000000000000000000000000000000000000000000000000
001110000000000000000000000000000000000000000000000000000000000000000000000000000000
000111000000000000000000000000000000000000000000000000000000000000000000000000000000
000011100000000000000000000000000000000000000000000000000000000000000000000000000000
000001110000000000000000000000000000000000000000000000000000000000000000000000000000
000000111000000000000000000000000000000000000000000000000000000000000000000000000000
000000011100000000000000000000000000000000000000000000000000000000000000000000000000
000000001110000000000000000000000000000000000000000000000000000000000000000000000000
000000000111000000000000000000000000000000000000000000000000000000000000000000000000
000000000011100000000000000000000000000000000000000000000000000000000000000000000000
000000000001110000000000000000000000000000000000000000000000000000000000000000000000
000000000000111000000000000000000000000000000000000000000000000000000000000000000000
000000000000011100000000000000000000000000000000000000000000000000000000000000000000
000000000000001110000000000000000000000000000000000000000000000000000000000000000000
000000000000000111000000000000000000000000000000000000000000000000000000000000000000
000000000000000011100000000000000000000000000000000000000000000000000000000000000000
000000000000000001110000000000000000000000000000000000000000000000000000000000000000
000000000000000000111000000000000000000000000000000000000000000000000000000000000000
000000000000000000011100000000000000000000000000000000000000000000000000000000000000
000000000000000000001110000000000000000000000000000000000000000000000000000000000000
000000000000000000000111000000000000000000000000000000000000000000000000000000000000
000000000000000000000011100000000000000000000000000000000000000000000000000000000000
000000000000000000000001110000000000000000000000000000000000000000000000000000000000
000000000000000000000000111000000000000000000000000000000000000000000000000000000000
000000000000000000000000011100000000000000000000000000000000000000000000000000000000
000000000000000000000000001110000000000000000000000000000000000000000000000000000000
000000000000000000000000000111000000000000000000000000000000000000000000000000000000
000000000000000000000000000011100000000000000000000000000000000000000000000000000000
000000000000000000000000000001110000000000000000000000000000000000000000000000000000
000000000000000000000000000000111000000000000000000000000000000000000000000000000000
000000000000000000000000000000011100000000000000000000000000000000000000000000000000
000000000000000000000000000000001110000000000000000000000000000000000000000000000000
000000000000000000000000000000000111000000000000000000000000000000000000000000000000
000000000000000000000000000000000011100000000000000000000000000000000000000000000000
000000000000000000000000000000000001110000000000000000000000000000000000000000000000
000000000000000000000000000000000000111000000000000000000000000000000000000000000000
000000000000000000000000000000000000011100000000000000000000000000000000000000000000
000000000000000000000000000000000000001110000000000000000000000000000000000000000000
000000000000000000000000000000000000000111000000000000000000000000000000000000000000
000000000000000000000000000000000000000011000000000000000000000000000000000000000000
